serving_default_dense_151_input: 0 [1 1]
array([[0.5]], dtype=float32)
sequential_12/dense_151/MatMul[16  1]
array([[-127],
       [0],
       [33],
       [56],
       [89],
       [36],
       [1],
       [-120],
       [71],
       [-126],
       [74],
       [-44],
       [-64],
       [0],
       [-3],
       [73]], dtype=int8)
dense_151/bias[16]
array([3473,   -57, -6125, -7150, -6809, -6197,   -46,  4738,  2089,
       6023, -8519,  5873,  5346,   -12,   510, -6539])
sequential_12/dense_152/MatMul[32 16]
array([[24,  -47,   38,   92,   70,   91,  -29,  -29,   50,   80,   80,
        77,   19,   74,  -50,   88],
       [-86,    5,   -4,  -27,   77,   13,   47,  -35,  -26,  -20,   98,
        23,  -50,   36,  -30,   44],
       [-24,   -3,   40,  -48,  -80,   32,  -44,    4,   -8,   48,   61,
        55,  -72,  -12,  -29,   65],
       [-50,  -12,  -30,   84,   60,   29,  -18,   70,  -78,   77,   58,
        -87,  -47,  -25,   44,  -56],
       [1,  -52,   17,   -6,  -56,   73,    3,   84,   26,  -34,   22,
           37,   16,   68,  -96,  -31],
       [-50,  -31,    7,   51,  -54,   81,  -24,  -66,  -17,  -28,   53,
        -61,  -70,  -70,  -17,  -67],
       [-51,  -64,   79,   71,  -38,   12,  -25,  -33,  -10,    3,  -73,
        -16,   21,   -5,  -12,  -86],
       [-7,   31,  -69,   63,  -29,  -30,    8,  -81,   -5,  -17,  -77,
        56,   -7,    8,  -34,  -24],
       [72,   52,  -75,   44,   79,   34,   -4,   18,  -12,  -36,   96,
        38,  -45,  -36,   10,   98],
       [-13,  -11,  -68,   75,   48,   82,    9,  -12,   -9,  -63,  -28,
        56,  -36,   10,   89,   19],
       [-62,    2,   31,   27,  -14,    7,    9,  -60,  -40,   56,  -59,
        -71,   11,  -41,   39,  -60],
       [-3,   21,  -68,   18,  -14,   71,    4,  -24,   -7,  -49,   54,
        64,   89,  -76,    2,  -63],
       [-43,  -59,   50,   56,   70,  -78,  -44,  -61,  -30,  -39,  -83,
        27,  -48,  -78,   -5,  -16],
       [-74,  -79,   40,    3,   90,   63,  -32,  -91,   54,  -49,   32,
        -57,  -57,   55,    3,   -6],
       [-30,   51,   86,   55,   13,   -1,  -10,  -45,  -47,   58,   -2,
        15,  -71,  -65,  -29,   93],
       [-11,  -35,  -24,  -34,  -27,   29,   31,  -20,  -49,   42,   12,
        63,  -96,  -10,   -3,   59],
       [74,  -64,    5,   11,  -34,   -9,   58,   38,  -24,   51,   88,
        -5,  -33,  -75,  -94,   40],
       [54,  -44,   66,   46,   80,  -10,  -53,  -10,  -24,  -79,  -59,
        -62,  -33,   56,   -6,  -67],
       [-32,  -84,   10,  -14,   11,  -27,  -73,  -41,   68,   93,  -38,
        -44,  -16,   -8,   54,  -22],
       [28,   75,   88,  -22,    3,   71,   89,  -53,  -50,  -83,   96,
        -89,   70,  -35,  -68,  -65],
       [96,   11,   46,  -25,   76, -101,   63,   31,  -19,   79,   68,
        94,  -75,   71,  -95,  -72],
       [-5,  -31,   -4,  -37,   65,  -20,   47,    2,  -16,   30,  -34,
        52,  -57,   -9,   57,   35],
       [25,   11,   98,  -24,  -27,   -2,   48,  -42,  -46,  -32,  -64,
        -89,    6,   13,   16,  -14],
       [-11,  -33,  -35,   49,  -23,   48,   -1,   62,   83,   24,   43,
        18,   34,   -9,   10,   25],
       [52,  -35,  -47,  -40,   97,  -44,   37,   67,   52,   -1,   82,
        54,   50,  -22,   22,   93],
       [41,   35,  -34,    2,  -87,  -71,   10,  -40,  -17,  -16,   55,
        37,   31,  -50,  -99,  -71],
       [93,  -59,   42,  -88,   33,   57,  -47,  127,  -96,  116,  -10,
        -75,  -46,   58,   64,  -18],
       [-87,    1,  -62,  -75,  -76,   -8,   53,  -82,  -70,  -14,   37,
        -4,   32,    6,  -70,   83],
       [-6,  -26,  -30,   43,   73,  -72,   52,   72,  -57,   62,   23,
        -96,  -14,   -3,  -40,   92],
       [41,   41,  -44,   69,    3, -101,    4,   -7,  -20,   55,  -23,
        44,   10,  -17,   29,  -84],
       [3,   27,   28,   90,  -49,   35,    6,   -4,  -80,  -70,   36,
           -78,   -2,   51,   98,   84],
       [91,  -39,   70,   44,   61,   56,   31,  -35,   55,  -36,  -75,
        -37,   76,  -29,  -52,  -66]], dtype=int8)
dense_152/bias[32]
array([-3662, -1774,   727,  2841,  2750, -2614,  -181, -1896, -3007,
       -3014,    28,  -463, -2981,  -776, -2279,   492,  1020, -2294,
       -1364, -2966,  2788,  -382,  1001,  -201,  -133,  1717,   445,
       -791,  2176,  2876, -2600,   443])
sequential_12/dense_153/MatMul[64 32]
array([[-35,  38,  13, ...,  -5,   9,  25],
       [-23, -20,  20, ...,  39,  17,  34],
       [-32,  43, -31, ..., -38,  -7,  12],
       ...,
       [-3, -53,  31, ...,  29, -17,  35],
       [-26,   6,  -6, ..., -41,  12, -31],
       [33, -54,  37, ...,  23, -42,   4]], dtype=int8)
dense_153/bias[64]
array([-77,  1610,  -375,   873, -1262,  -961,  1335,  -179,  1289,
       385,   131,  -178, -2875, -1439,  -576,   560, -2813,   142,
       -2368,   988,  -884,  2997,   -88, -1431,   -48,   -16, -2629,
       458,  1260,    30,  -674,   523, -2224,  1354,  1843,  -880,
       429,     2, -1071,  3018,  2579,  1423,   698,  -338,  2409,
       22,  2418,  2119, -2929,  2816,  -272,  1895,  1385,   244,
       -2743, -1137, -1938, -1169,  1912,  -141,  2939,  1805,   857,
       506])
sequential_12/dense_154/MatMul[128  64]
array([[-23,   0,  29, ...,  21, -31,  21],
       [24, -24,   5, ..., -31, -31, -27],
       [19,  21, -32, ...,  31, -22,  16],
       ...,
       [-16,   2, -15, ..., -17,   6,   8],
       [-8, -25,  19, ..., -14,  -5,  22],
       [35,  26, -17, ..., -25,  -1, -21]], dtype=int8)
dense_154/bias[128]
array([1106, -2844,  3006,  2349,   821, -1685, -2972, -2120,  1584,
       -1865,  1907,  3043,  2273,  -842,   262,  1480,  1191,  -341,
       1458,  1639, -1223, -3267, -2506,  1382,  1651,  2397, -2566,
       630, -1012,  1907,  2512,  1775,  1670, -2789, -3056,   983,
       -1819,   878, -2267,  1243,  2695,  -221,  2108,   947, -2088,
       -751, -2531,  -702,  -168,  2841,  3200,  -477, -1929,  -677,
       3415,  1787, -1340, -1664,  1816, -2862, -1669,  1837,  1401,
       -2844,  3218, -2339, -1186,  1333,  1177, -3674,  1690,   631,
       -1934,  2631, -1097,  1510,  1415,  1968,  3242,   661, -3743,
       -2472,  2909, -1573,  -567,  2317, -1036,   977,  -779, -2581,
       -51, -1364,  1037, -2035, -1612, -2903,  1605, -3770,  1607,
       1145,  1123,  2520,   691,  2374, -2682,  1474,   751, -1773,
       2394, -1619,   588, -1020,   338,  4173,  1092,  -544, -1382,
       184,   838, -2580,  1274, -2598, -2782, -1028,  1999,  1182,
       -1076,    47])
sequential_12/dense_155/MatMul[128 128]
array([[-14,  50,   2, ..., -11,   3,  15],
       [-8,  -3,  27, ..., -12, -20,  13],
       [-15,  -5,  34, ...,  -9, -15,  33],
       ...,
       [12,  19, -48, ...,  -8,  17,   5],
       [-25, -40, -14, ...,   8,  32,   7],
       [15,  67, -28, ...,   8,  -8, -16]], dtype=int8)
dense_155/bias[128]
array([-3417,  1445,  2087,  3382,  -883,  -995,  3011,  -476, -2471,
       300,  1723,  2793,  2083,  1393, -4117, -3429,   531,  3412,
       1300, -5271,  1944, -1412, -2632,  1467, -1383, -3548,  3307,
       7085, -2498,   955,  3525,  2771,  1877,   853, -2588,  2872,
       -3077,  3570, -1026, -3012,  1677,  -213, -2318,  3570,   610,
       2035,  4555, -1828,   -16,  -331,  2114,  1085, -3487, -4119,
       -196, -1904, -2312,  3021,  2553,   579,  -322,  1251,  -607,
       277, -1303,  1652,  -316,  -363,   565, -2959, -1854,  3230,
       -3059,  1476,   183,  -117, -1245,  -395,  1289,  2572,  1255,
       2736,  1192, -2941,  3360,  3138,  2999, -3585, -3363,   -47,
       2670,  2407, -1305,  3423,  -363, -3037, -4731,    62, -1001,
       -1199, -3526,  4905, -1387,   418,   267, -1272, -3226, -3708,
       -228,   672,  3565,  2826,  4814,  -841,  3846,  -216, -2341,
       3041, -1034, -2024,  1497,  -693,  -241,  3348, -3758, -4459,
       1985, -3531])
sequential_12/dense_156/MatMul[64 128]
array([[-3,  -12,   33, ...,  -30,   -7,  -27],
       [-28,   25,  -17, ...,    9,   32,  -15],
       [20,   17,   11, ...,  -39,  -11,    1],
       ...,
       [28,   15,  -33, ...,   48,   18,   19],
       [14,    2,   28, ...,  -27, -103,  -26],
       [10,   12,  -45, ...,   30,    6,   -1]], dtype=int8)
dense_156/bias[64]
array([2676,   502,  -455, -1354,   -44,  2006,  1049,   238, -1468,
       1647,   326, -1043,  3100,  1475,  2005, -2631,  1934,   186,
       3167, -1972,   556,  2343, -1626,  2070,  -514,  1072,  1027,
       -1735, -1223,   152,  -218, -1032,    55,  2216,  1327, -2187,
       -581,  -104,   468,  1792,   650,  -447,  -805,  1435,  1012,
       761, -2042,  2710,  2004, -2157, -1098,  -935,  -934, -1208,
       1573,  1429,  -689,  2086, -2118,  2507,   -82,   -54,  1380,
       -868])
sequential_12/dense_157/MatMul[32 64]
array([[-50,  48, -16, ...,  42,  43,  22],
       [78,  18, -32, ...,  20,  17,  -8],
       [-27,   6, -25, ...,  -7,  -8,  11],
       ...,
       [50,  34, -42, ..., -24,   0,  -2],
       [1,   5, -20, ...,   7, -12, -45],
       [19, -30,  21, ...,  43, -13,   9]], dtype=int8)
dense_157/bias[32]
array([-1614,  1795,   493,  -193,    73,  1450, -1791,   435,  2835,
       -724,   606,  1110,  -869,   603,  -915,  -539,   -20,  1346,
       -573, -1760,   190, -1222,  2341, -2382,  -744,  -172,  1243,
       1125, -1913,  1703,   642,    30])
sequential_12/dense_158/MatMul[16 32]
array([[41,   31,   34,    4,  -43,  -22,    9,  -15,   13,  -20,  -11,
        -1,   17,  -43,   14,   13,   -6,   40,   16,  -11,  -18,  -46,
        26,  -22,   16,   17,   44,    7,  -14,   25,    5,  -11],
       [33,  -16,  -44,   23,  -13,  -44,    5,    3,  -19,   -6,   30,
           1,   16,   -6,    6,   31,  -18,   -7,   38,   38,   16,  -10,
        -24,   14,   20,   18,    1,  -36,    4,   -5,  -42,  -41],
       [13,  -27,   19,   13,  -14,  -67,   29,   -6,  -49,  -11,  -23,
        -65,   58,   14,   27,   24,   39,    4,   43,   47,  -11,  -20,
        -50,   58,  -26,   35,   -8,  -45,   32,  -14,  -21,    1],
       [10,  -23,   -6,   23,    9,  -60,   -1,    3,  -25,   -1,    5,
        -50,   41,  -53,   50,   -5,    3,   36,  -21,   72,  -45,    3,
        -45,   50,    5,   74,   16,   14,   73,  -62,  -45,    1],
       [-21,   40,    7,  -27,   10,    0,   39,   12,   68,   17,   21,
        -7,   -1,  -14,  -42,  -48,  -41,  -21,   21,  -30,    7,   30,
        36,  -17,  -49,   -8,   -6,   15,    1,    5,   31,  -21],
       [-7,   35,  -26,    6,  -20,  -19,   21,   46,   39,  -16,   48,
        27,  -23,   30,  -22,  -24,  -20,   35,   33,   -5,   41,  -23,
           0,   -7,  -52,   22,  -26,  -22,  -10,  -11,   41,    7],
       [-24,  -30,  -32,    6,   58,   19,    9,  -25,   26,   30,   -4,
        -44,  -17,   36,   18,   38,   29,   19,   12,   13,   36,   34,
        21,   28,  -21,    7,  -32,   26,   -5,    8,  -19,  -42],
       [-19,   14,   33,   -4,  -25,   -8,   -8,  -23,   13,  -19,   13,
        27,   10,   12,  -43,  -38,  -22,   26,  -46,  -16,  -17,    2,
        13,   11,  -29,   -5,   29,   23,  -40,   40,   28,  -16],
       [32,  -38,    3,  -16,  -48,   47,   20,   14,   -1,    8,   24,
        13,    1,  -11,   12,  -30,   28,  -30,  -38,    8,  -15,  -18,
        25,  -24,    4,  -42,  -13,   12,    9,   -2,   35,    1],
       [-13,    7,  -33,   -7,   37,  -25,  -54,   -9,   27,   32,   21,
        20,   12,   31,   23,   42,   30,   22,   41,    2,   24,    4,
        31,  -19,  -37,   26,  -43,    0,   13,   31,  -19,  -39],
       [-14,    0,   51,    4,  -15,   29,   23,  -41,   -3,   10,  -17,
           5,  -30,  -13,  -38,  -37,  -24,  -10,   14,   -3,  -11,  -19,
        -1,   -6,    2,  -23,   30,  -12,   -8,   -7,   23,  -10],
       [25,  -61,   -5,   -3,   21,    5,   -4,  -13,  -45,   -1,  -53,
        15,    0,  -18,   51,  -17,   -9,    6,   11,   -6,   -7,  -30,
        -9,  -14,   50,   54,  -32,   22,   24,  -21,  -54,  -38],
       [-34,   59,  -27,   11,  -31,    9,   39,  -10,   46,    6,   35,
        -21,   -7,   14,    2,  -21,  -23,   41,  -14,   36,   42,  -23,
        -15,   21,  -19,  -34,  -12,  -12,  -28,  -34,   28,  -20],
       [-10,   57,   19,   -8,   25,   11,   38,   12,   31,   21,   26,
        11,   14,    9,  -10,  -19,  -43,  -13,  -26,   -9,  -20,   38,
        -4,  -23,  -29,  -27,  -37,   28,    0,   11,   34,   12],
       [-10,  -10,  -31,  -17,    4,   20,    3,   35,  -27,   20,  -33,
        39,  -10,   51,  -18,  -22,  -40,  -30,    3,   13,   20,  -10,
        -26,   14,  -40,  -35,  -40,    7,   25,   11,   15,   -9],
       [29, -100,  -41,   24,    4,  -34,  -40,   33, -127,  -27, -123,
           4,    5,  -18,   33,   47,   67,  -49,    8,   -2,  -12,  -15,
        -43,    7,   18,   43,    4,  -21,   -8,  -31,  -29,   23]],
      dtype=int8)
dense_158/bias[16]
array([38,  -701, -1420, -1855,  1141,   763,   -97,   383,   596,
       -338,  -160, -1857,   -47,   472,   188, -1788])
sequential_12/dense_159/MatMul[8 16]
array([[-8,    4,   20,  -24, -125,  -88,    6,   20,  -20,   -1,  -24,
        77,   -9, -107,   -3,  106],
       [40,  -30,  -48,  -76,   51,  -20,  -84,   31,   34,  -46,   18,
           2,  -11,  -18,  -16,   60],
       [7,   41,  116,  127,  -58,   64,  -22,  -95,  -61,   29,   13,
           -14,  -42,  -10,  -63,   14],
       [-8,   -7,   25,  -21, -112,  -55,  -16,  -64,  -17,    5,   27,
        72, -115,  -72,    9,   55],
       [98,  -66,    5,  -41,  -90,  -74,  -41,   80,   28,   26,  -22,
        -18,    6,  -26,  -32,   28],
       [67,    9,  -43,   39,  -16,  -64,  -24,   50,   47,  -82,   39,
        40,   23,  -59,  -30,  -44],
       [-57,   88,   56,  107,   41,  -63,    5,  -69,    9,    2,   14,
        81,   47,   19,  -86,  -17],
       [-63,   43,  -12,   36,   57,   55,  -49,  -22,  -54,  -24,  -37,
        -14,   57,   92,   89,   36]], dtype=int8)
dense_159/bias[8]
array([-2781,   -34, -2426, -3105,   -58,  -191, -2608,   221])
sequential_12/dense_160/MatMul[4 8]
array([[-45,  -77,   31,  -68,  -87,  -66,   50,  120],
       [-16, -105,  104,   12, -101,  -51,  104,   49],
       [92,   88,  -56,   89,  -11,  127,  -96,   15],
       [63,   54,   -8,  116,   75,  100,   23, -104]], dtype=int8)
dense_160/bias[4]
array([-56,  -88,  -49, -788])
sequential_12/dense_150/MatMul[1 4]
array([[119,  127, -125, -120]], dtype=int8)
dense_150/bias[1]
array([439])
tfl.quantize[1 1]
array([[-1]], dtype=int8)
sequential_12/dense_151/MatMul
sequential_12/dense_151/BiasAdd[1 16]
array([[-44,  22,  12,  22,  45,  14,  22, -32,  80, -30,  27,  23,   8,
        22,  23,  36]], dtype=int8)
sequential_12/dense_151/Tanh[1 16]
array([[-26,   0,  -4,   0,   9,  -3,   0, -21,  22, -20,   2,   0,  -5,
        0,   0,   5]], dtype=int8)
sequential_12/dense_152/MatMul
sequential_12/dense_152/BiasAdd[1 32]
array([[-22,  18,   2,   2,  10,  -1,   3,   3, -18,  -3,   3,   4,   3,
        43, -13,   1, -18, -13,   2, -19,  -8,   1,   2,   2,   1,   6,
        -59,  15,   1,   5, -19,   2]], dtype=int8)
sequential_12/dense_152/Tanh[1 32]
array([[-14,   9,   0,   0,   5,  -2,   1,   1, -12,  -3,   1,   1,   1,
        24,  -9,  -1, -12,  -9,   0, -12,  -6,  -1,   0,   0,  -1,   2,
        -35,   8,  -1,   2, -12,   0]], dtype=int8)
sequential_12/dense_153/MatMul
sequential_12/dense_153/BiasAdd[1 64]
array([[14, -12, -17, -25, -11, -11,   3, -13, -13, -22, -11, -12, -56,
        -12, -23, -22, -42, -12, -27, -12, -12,  20, -50, -21,  10,  -3,
        -57,  30, -13, -12, -10, -13, -40, -12,  24, -12,  44, -40, -17,
        29,  24, -14, -13,  -5,  23,   7,  40,  54, -45,  37,  -4,   3,
        24, -13, -53, -11, -11, -44,  19, -74,  34,   4, -13, -26]],
      dtype=int8)
sequential_12/dense_153/Tanh[1 64]
array([[17,   0,  -3,  -9,   1,   1,  10,  -1,  -1,  -7,   1,   0, -29,
        0,  -7,  -7, -20,   0, -10,   0,   0,  21, -25,  -6,  15,   6,
        -30,  28,  -1,   0,   1,  -1, -19,   0,  24,   0,  37, -19,  -3,
        27,  24,  -1,  -1,   5,  23,  13,  34,  43, -22,  32,   5,  10,
        24,  -1, -27,   1,   1, -21,  21, -40,  30,  11,  -1,  -9]],
      dtype=int8)
sequential_12/dense_154/MatMul
sequential_12/dense_154/BiasAdd[1 128]
array([[3, -47,  24,  52,   3, -35, -29,  -8,   5,  -6,   5,  45,  26,
        3,  -5,   2,   3, -10,   7,  42,   4, -26, -11,   2,  42,  28,
        -41,   2,   3,  11,  39,   9,  15, -41, -53,  21, -37,   2,  -2,
        3,  40,  13,   7,   3,  -3,   3, -42,   3,  -8,  63,  23,   3,
        -6,   3,  35,   4,   3,   3,  14, -36,  -2,   2,  24, -57,  27,
        -41,   3,   3,   2, -62,   2,   0,  -6,  47,   3,  30,   3,   1,
        47,   3, -57,  -4,  58,   3,   7,   9,   3,   3,  -9, -45,   3,
        -36,   3, -55,  -1, -36,  39, -42,   3,   2,   3,  43,   3,  58,
        -15,   8,  -1,   5,  34,   3,   2,   4,   2,  56,   2,  -6,   3,
        3,  21, -41,   1, -20, -15,   3,  15,   2,  -8,  14]],
      dtype=int8)
sequential_12/dense_154/Tanh[1 128]
array([[0,  -99,   52,   98,    0,  -83,  -74,  -28,    5,  -23,    5,
        89,   56,    0,  -21,   -3,    0,  -33,   10,   85,    3,  -68,
        -36,   -3,   85,   60,  -92,   -3,    0,   21,   80,   16,   31,
        -92, -104,   45,  -86,   -3,  -13,    0,   82,   26,   10,    0,
        -16,    0,  -93,    0,  -28,  108,   50,    0,  -23,    0,   74,
        3,    0,    0,   28,  -85,  -13,   -3,   52, -108,   58,  -92,
        0,    0,   -3, -111,   -3,   -8,  -23,   92,    0,   64,    0,
        -5,   92,    0, -108,  -18,  104,    0,   10,   16,    0,    0,
        -31,  -96,    0,  -85,    0, -106,  -10,  -85,   80,  -93,    0,
        -3,    0,   86,    0,  104,  -45,   13,  -10,    5,   72,    0,
        -3,    3,   -3,  102,   -3,  -23,    0,    0,   45,  -92,   -5,
        -56,  -45,    0,   31,   -3,  -28,   28]], dtype=int8)
sequential_12/dense_155/MatMul
sequential_12/dense_155/BiasAdd[1 128]
array([[-84,    7,   72,   86,   -2,   -2,   23,   -6,  -50,   17,   11,
        80,   15,   20, -102,  -77,  -32,   72,   -4, -112,   51,   -8,
        -19,    3,   -7,  -76,   44,  112,  -60,    0,   87,   67,   30,
        -7,  -64,   71,  -63,   71,  -63,  -67,   22,   32,  -61,   70,
        -15,   45,  114,   -7,   -4,   -9,   45,   43,  -88,  -97,   -5,
        -42,  -21,   38,   62,    0,   -6,    1,   -2,   -4,  -11,   13,
        12,   -4,   -2,  -69,   -4,   12,  -78,    5,    1,    9,    2,
        -5,    0,   44,   63,   65,   65,  -79,   72,   67,   24,  -69,
        -14,    4,   63,   62,    1,   93,   -4,  -77, -106,  -28,   -2,
        -18,  -82,  109,   -6,   -2,    0,   -4,  -57,  -79,   -2,   48,
        27,   51,   82,    6,   70,    2,  -34,   59,    7,   -6,   45,
        8,    9,   75,  -84,  -96,   22,  -84]], dtype=int8)
sequential_12/dense_155/Tanh[1 128]
array([[-128,   54,  127,  127,  -16,  -16,  115,  -47, -128,  102,   78,
        127,   95,  110, -128, -128, -124,  127,  -32, -128,  127,  -60,
        -107,   24,  -54, -128,  127,  127, -128,    0,  127,  127,  123,
        -54, -128,  127, -128,  127, -128, -128,  113,  124, -128,  127,
        -95,  127,  127,  -54,  -32,  -66,  127,  127, -128, -128,  -40,
        -127, -112,  126,  127,    0,  -47,    8,  -16,  -32,  -78,   87,
        83,  -32,  -16, -128,  -32,   83, -128,   40,    8,   66,   16,
        -40,    0,  127,  127,  127,  127, -128,  127,  127,  117, -128,
        -91,   32,  127,  127,    8,  127,  -32, -128, -128, -121,  -16,
        -105, -128,  127,  -47,  -16,    0,  -32, -128, -128,  -16,  127,
        120,  127,  127,   47,  127,   16, -125,  127,   54,  -47,  127,
        60,   66,  127, -128, -128,  113, -128]], dtype=int8)
sequential_12/dense_156/MatMul
sequential_12/dense_156/BiasAdd[1 64]
array([[74,  30, -14, -41, -65,  61,  19,  52, -44,  76, -52, -96,  81,
        51,  70, -69,  59, -30,  89, -32,  31,  69, -66,  72, -42,  32,
        56, -84, -84,  39, -54, -75, -51,  76,  60, -60, -44,  -1, -38,
        88,  27, -51,  30,  86, -24,  44, -65,  90,  52, -91, -56,  17,
        -80, -58,  47,  71,  25,  53, -52,  58,  38, -61, -27, -65]],
      dtype=int8)
sequential_12/dense_156/Tanh[1 64]
array([[127,  127,  -91, -128, -128,  127,  127,  127, -128,  127, -128,
        -128,  127,  127,  127, -128,  127, -127,  127, -127,  127,  127,
        -128,  127, -128,  127,  127, -128, -128,  127, -128, -128, -128,
        127,  127, -128, -128,   65, -128,  127,  127, -128,  127,  127,
        -123,  127, -128,  127,  127, -128, -128,  126, -128, -128,  127,
        127,  127,  127, -128,  127,  127, -128, -126, -128]], dtype=int8)
sequential_12/dense_157/MatMul
sequential_12/dense_157/BiasAdd[1 32]
array([[-69,   90,   24,  -72,  -62,   44,    7,   41,  125,   11,   74,
        52,  -82,   32, -102,  -75,  -81,  -62,  -64, -120,   20,    3,
        49,  -99,  -95,  -73,  -18,  -38,  -80,   62,   42,   43]],
      dtype=int8)
sequential_12/dense_157/Tanh[1 32]
array([[-128,  127,  127, -128, -127,  127,  124,  127,  127,  126,  127,
        127, -128,  127, -128, -128, -128, -127, -127, -128,  127,  121,
        127, -128, -128, -128,   35, -104, -128,  127,  127,  127]],
      dtype=int8)
sequential_12/dense_158/MatMul
sequential_12/dense_158/BiasAdd[1 16]
array([[4,  -42,  -86, -123,  119,   87,   -5,   84,   65,    1,   64,
        -75,   66,  104,   63, -115]], dtype=int8)
sequential_12/dense_158/Tanh[1 16]
array([[-104, -128, -128, -128,  127,  127, -118,  127,  125, -110,  124,
        -128,  125,  127,  124, -128]], dtype=int8)
sequential_12/dense_159/MatMul
sequential_12/dense_159/BiasAdd[1 8]
array([[-124,   72, -126, -117,  -13,   18,  -82,   77]], dtype=int8)
sequential_12/dense_159/Tanh[1 8]
array([[-128,  120, -128, -128,  -79,   22, -127,  122]], dtype=int8)
sequential_12/dense_160/MatMul
sequential_12/dense_160/BiasAdd[1 4]
array([[29, -50,  23, -68]], dtype=int8)
sequential_12/dense_160/Tanh[1 4]
array([[108, -124,   96, -127]], dtype=int8)
StatefulPartitionedCall: 01 [1 1]
array([[1]], dtype=int8)
StatefulPartitionedCall: 0 [1 1]
array([[0.76526314]], dtype=float32)
